DecisionTree: 0.166666666667
MultiLayer Perceptron: 0.4
SupportVectorMachine: 0.266666666667
LDA: 0.266666666667
GaussianNB: 0.3
RandomForest: 0.166666666667
GradientBoostingClassifier: 0.166666666667
